url_path,views_total,views_unique
/grp-bork/nevermore_profiler/blob/main/nextflow.config,1,1
